N	Scale	ApproxArea	Error
100	3x3	0.63	0.314517
600	3x3	0.945	0.000482814
1100	3x3	0.957273	0.0127555
1600	3x3	0.9675	0.0229828
2100	3x3	0.99	0.0454828
2600	3x3	1.00385	0.059329
3100	3x3	0.99871	0.0541925
3600	3x3	1.005	0.0604828
4100	3x3	1.00317	0.0586535
4600	3x3	0.980217	0.0357002
5100	3x3	0.963529	0.0190122
5600	3x3	0.959464	0.0149471
6100	3x3	0.964918	0.0204008
6600	3x3	0.976364	0.0318465
7100	3x3	0.967183	0.0226659
7600	3x3	0.963947	0.0194302
8100	3x3	0.967778	0.0232606
8600	3x3	0.971163	0.0266456
9100	3x3	0.966264	0.0217466
9600	3x3	0.96	0.0154828
10100	3x3	0.955248	0.0107303
10600	3x3	0.95434	0.00982244
11100	3x3	0.961622	0.0171044
11600	3x3	0.965948	0.0214311
12100	3x3	0.961736	0.0172184
12600	3x3	0.955	0.0104828
13100	3x3	0.951527	0.00700953
13600	3x3	0.952941	0.00842399
14100	3x3	0.964468	0.0199509
14600	3x3	0.961644	0.0171266
15100	3x3	0.956026	0.0115093
15600	3x3	0.959423	0.0149059
16100	3x3	0.959255	0.0147375
16600	3x3	0.960181	0.0156635
17100	3x3	0.961579	0.0170618
17600	3x3	0.957273	0.0127555
18100	3x3	0.957182	0.0126651
18600	3x3	0.95371	0.00919249
19100	3x3	0.954188	0.0096713
19600	3x3	0.958776	0.0142583
20100	3x3	0.958209	0.0136918
20600	3x3	0.95767	0.0131527
21100	3x3	0.954171	0.00965343
21600	3x3	0.95125	0.00673281
22100	3x3	0.948462	0.00394435
22600	3x3	0.949381	0.00486335
23100	3x3	0.949091	0.00457372
23600	3x3	0.948051	0.00353366
24100	3x3	0.950415	0.00589775
24600	3x3	0.95122	0.00670233
25100	3x3	0.950916	0.00639915
25600	3x3	0.947461	0.00294375
26100	3x3	0.947241	0.00272419
26600	3x3	0.947368	0.00285124
27100	3x3	0.947823	0.00330569
27600	3x3	0.94337	0.00114762
28100	3x3	0.941957	0.00255989
28600	3x3	0.940909	0.00360809
29100	3x3	0.939278	0.00523884
29600	3x3	0.937703	0.00681448
30100	3x3	0.936777	0.00773978
30600	3x3	0.936471	0.0080466
31100	3x3	0.939068	0.00544966
31600	3x3	0.938449	0.00606782
32100	3x3	0.93729	0.00722747
32600	3x3	0.938374	0.00614295
33100	3x3	0.928006	0.0165111
33600	3x3	0.927054	0.0174636
34100	3x3	0.92956	0.0149571
34600	3x3	0.926792	0.0177253
35100	3x3	0.926667	0.0178505
35600	3x3	0.925787	0.0187307
36100	3x3	0.926427	0.0180906
36600	3x3	0.927049	0.017468
37100	3x3	0.926685	0.0178325
37600	3x3	0.928245	0.0162725
38100	3x3	0.929764	0.0147534
38600	3x3	0.930777	0.01374
39100	3x3	0.931304	0.0132128
39600	3x3	0.931818	0.012699
40100	3x3	0.930299	0.0142179
40600	3x3	0.931921	0.012596
41100	3x3	0.931095	0.0134223
41600	3x3	0.931154	0.0133633
42100	3x3	0.932067	0.0124507
42600	3x3	0.931479	0.0130383
43100	3x3	0.931949	0.0125682
43600	3x3	0.931995	0.0125218
44100	3x3	0.93102	0.0134968
44600	3x3	0.930673	0.0138445
45100	3x3	0.930532	0.013985
45600	3x3	0.931579	0.0129382
46100	3x3	0.931236	0.0132807
46600	3x3	0.931674	0.0128434
47100	3x3	0.933631	0.0108866
47600	3x3	0.935357	0.00916004
48100	3x3	0.934241	0.010276
48600	3x3	0.933519	0.0109987
49100	3x3	0.93391	0.0106068
49600	3x3	0.933206	0.0113115
50100	3x3	0.931078	0.0134393
50600	3x3	0.931482	0.013035
51100	3x3	0.932935	0.0115818
51600	3x3	0.932093	0.0124242
52100	3x3	0.932303	0.0122139
52600	3x3	0.931312	0.0132054
53100	3x3	0.931186	0.0133307
53600	3x3	0.930728	0.0137896
54100	3x3	0.930776	0.0137408
54600	3x3	0.929835	0.014682
55100	3x3	0.930544	0.0139727
55600	3x3	0.930594	0.0139237
56100	3x3	0.930963	0.0135546
56600	3x3	0.931643	0.0128741
57100	3x3	0.9331	0.0114174
57600	3x3	0.932187	0.0123297
58100	3x3	0.93253	0.0119871
58600	3x3	0.93302	0.0114967
59100	3x3	0.932741	0.0117761
59600	3x3	0.932919	0.0115977
60100	3x3	0.934143	0.0103741
60600	3x3	0.935792	0.00872511
61100	3x3	0.935205	0.0093126
61600	3x3	0.935065	0.00945225
62100	3x3	0.934493	0.0100244
62600	3x3	0.935655	0.00886223
63100	3x3	0.938082	0.00643478
63600	3x3	0.939198	0.00531907
64100	3x3	0.940296	0.00422077
64600	3x3	0.941099	0.00341811
65100	3x3	0.940369	0.00414852
65600	3x3	0.941021	0.00349584
66100	3x3	0.941256	0.00326151
66600	3x3	0.94027	0.00424692
67100	3x3	0.9393	0.00521763
67600	3x3	0.941006	0.00351127
68100	3x3	0.93978	0.00473745
68600	3x3	0.938834	0.00568337
69100	3x3	0.938292	0.00622486
69600	3x3	0.938017	0.00649994
70100	3x3	0.938645	0.00587239
70600	3x3	0.940028	0.00448886
71100	3x3	0.940633	0.00388427
71600	3x3	0.941229	0.00328814
72100	3x3	0.942191	0.00232579
72600	3x3	0.941901	0.00261636
73100	3x3	0.942599	0.00191801
73600	3x3	0.943533	0.000984577
74100	3x3	0.944089	0.000428117
74600	3x3	0.942949	0.00156812
75100	3x3	0.944221	0.000296147
75600	3x3	0.943929	0.000588614
76100	3x3	0.943758	0.000758973
76600	3x3	0.942768	0.00174956
77100	3x3	0.938638	0.00587905
77600	3x3	0.937345	0.00717183
78100	3x3	0.937798	0.00671949
78600	3x3	0.937557	0.00695993
79100	3x3	0.937889	0.00662844
79600	3x3	0.937764	0.00675337
80100	3x3	0.938427	0.00609022
80600	3x3	0.937854	0.00666359
81100	3x3	0.938064	0.00645307
81600	3x3	0.938272	0.00624513
82100	3x3	0.938258	0.00625896
82600	3x3	0.938898	0.00561888
83100	3x3	0.938231	0.00628614
83600	3x3	0.938433	0.00608417
84100	3x3	0.938098	0.00641968
84600	3x3	0.938085	0.00643208
85100	3x3	0.937756	0.0067616
85600	3x3	0.937009	0.00750784
86100	3x3	0.937003	0.0075137
86600	3x3	0.937621	0.00689594
87100	3x3	0.936889	0.00762855
87600	3x3	0.937089	0.00742814
88100	3x3	0.9379	0.00661707
88600	3x3	0.939413	0.00510409
89100	3x3	0.940202	0.00431517
89600	3x3	0.939877	0.00463995
90100	3x3	0.940155	0.0043618
90600	3x3	0.941126	0.00339136
91100	3x3	0.941789	0.00272794
91600	3x3	0.941266	0.00325081
92100	3x3	0.940456	0.00406116
92600	3x3	0.940626	0.00389084
93100	3x3	0.939538	0.00497905
93600	3x3	0.939038	0.00547872
94100	3x3	0.939214	0.00530358
94600	3x3	0.938626	0.00589139
95100	3x3	0.938896	0.00562129
95600	3x3	0.938692	0.00582472
96100	3x3	0.938959	0.00555777
96600	3x3	0.939876	0.00464141
97100	3x3	0.939392	0.00512481
97600	3x3	0.939283	0.0052344
98100	3x3	0.939174	0.00534287
98600	3x3	0.939249	0.00526769
99100	3x3	0.938688	0.00582899
99600	3x3	0.939036	0.00548104
100	1.4x1.4	0.9996	0.0550828
600	1.4x1.4	0.914667	0.0298505
1100	1.4x1.4	0.933673	0.0108445
1600	1.4x1.4	0.9751	0.0305828
2100	1.4x1.4	0.976267	0.0317495
2600	1.4x1.4	0.9702	0.0256828
3100	1.4x1.4	0.972413	0.0278957
3600	1.4x1.4	0.978911	0.0343939
4100	1.4x1.4	0.981912	0.037395
4600	1.4x1.4	0.983835	0.0393176
5100	1.4x1.4	0.98	0.0354828
5600	1.4x1.4	0.97125	0.0267328
6100	1.4x1.4	0.962007	0.0174894
6600	1.4x1.4	0.961291	0.0167737
7100	1.4x1.4	0.96178	0.0172631
7600	1.4x1.4	0.963753	0.0192354
8100	1.4x1.4	0.965965	0.0214482
8600	1.4x1.4	0.959488	0.0149712
9100	1.4x1.4	0.959108	0.0145905
9600	1.4x1.4	0.957746	0.0132286
10100	1.4x1.4	0.956519	0.0120016
10600	1.4x1.4	0.955962	0.0114451
11100	1.4x1.4	0.956162	0.011645
11600	1.4x1.4	0.956514	0.0119966
12100	1.4x1.4	0.954245	0.00972744
12600	1.4x1.4	0.954489	0.0099717
13100	1.4x1.4	0.95651	0.0119927
13600	1.4x1.4	0.956221	0.0117034
14100	1.4x1.4	0.957898	0.0133807
14600	1.4x1.4	0.958521	0.0140034
15100	1.4x1.4	0.959881	0.0153636
15600	1.4x1.4	0.959521	0.0150033
16100	1.4x1.4	0.95833	0.0138132
16600	1.4x1.4	0.957566	0.0130491
17100	1.4x1.4	0.957305	0.0127881
17600	1.4x1.4	0.958173	0.0136555
18100	1.4x1.4	0.956285	0.0117679
18600	1.4x1.4	0.955553	0.0110355
19100	1.4x1.4	0.956398	0.0118807
19600	1.4x1.4	0.9556	0.0110828
20100	1.4x1.4	0.955134	0.0106171
20600	1.4x1.4	0.955738	0.0112207
21100	1.4x1.4	0.956406	0.0118885
21600	1.4x1.4	0.956589	0.0120717
22100	1.4x1.4	0.956498	0.0119806
22600	1.4x1.4	0.957191	0.012674
23100	1.4x1.4	0.957176	0.0126586
23600	1.4x1.4	0.957493	0.012976
24100	1.4x1.4	0.955439	0.0109218
24600	1.4x1.4	0.954026	0.00950883
25100	1.4x1.4	0.952747	0.00823022
25600	1.4x1.4	0.954888	0.0103703
26100	1.4x1.4	0.954768	0.0102506
26600	1.4x1.4	0.955242	0.0107249
27100	1.4x1.4	0.954976	0.0104585
27600	1.4x1.4	0.956565	0.012048
28100	1.4x1.4	0.95468	0.0101632
28600	1.4x1.4	0.954301	0.00978351
29100	1.4x1.4	0.953665	0.00914742
29600	1.4x1.4	0.953249	0.00873146
30100	1.4x1.4	0.952326	0.0078084
30600	1.4x1.4	0.952201	0.00768412
31100	1.4x1.4	0.951451	0.00693362
31600	1.4x1.4	0.951778	0.0072613
32100	1.4x1.4	0.945685	0.00116755
32600	1.4x1.4	0.946151	0.00163373
33100	1.4x1.4	0.946011	0.00149369
33600	1.4x1.4	0.94535	0.000832814
34100	1.4x1.4	0.945628	0.00111097
34600	1.4x1.4	0.946125	0.00160767
35100	1.4x1.4	0.946161	0.0016435
35600	1.4x1.4	0.945975	0.00145809
36100	1.4x1.4	0.945306	0.000789185
36600	1.4x1.4	0.944763	0.000245656
37100	1.4x1.4	0.944868	0.000350739
37600	1.4x1.4	0.943928	0.000589526
38100	1.4x1.4	0.944092	0.000424797
38600	1.4x1.4	0.944354	0.000162782
39100	1.4x1.4	0.943607	0.000910025
39600	1.4x1.4	0.943522	0.000994964
40100	1.4x1.4	0.943146	0.00137105
40600	1.4x1.4	0.943503	0.00101374
41100	1.4x1.4	0.944377	0.000140544
41600	1.4x1.4	0.944051	0.000466224
42100	1.4x1.4	0.944199	0.000318611
42600	1.4x1.4	0.944573	5.55841e-05
43100	1.4x1.4	0.944574	5.72921e-05
43600	1.4x1.4	0.944486	3.09474e-05
44100	1.4x1.4	0.944444	7.27415e-05
44600	1.4x1.4	0.944711	0.000194025
45100	1.4x1.4	0.945146	0.000628712
45600	1.4x1.4	0.945055	0.000538077
46100	1.4x1.4	0.945307	0.000789539
46600	1.4x1.4	0.9453	0.000783243
47100	1.4x1.4	0.945128	0.000610627
47600	1.4x1.4	0.944382	0.000134833
48100	1.4x1.4	0.943978	0.000538808
48600	1.4x1.4	0.944067	0.000450519
49100	1.4x1.4	0.944193	0.000324111
49600	1.4x1.4	0.943645	0.000872025
50100	1.4x1.4	0.943695	0.000822176
50600	1.4x1.4	0.94355	0.000966988
51100	1.4x1.4	0.944252	0.000265131
51600	1.4x1.4	0.943953	0.000564473
52100	1.4x1.4	0.943885	0.000632349
52600	1.4x1.4	0.944414	0.000102737
53100	1.4x1.4	0.944196	0.000321329
53600	1.4x1.4	0.944164	0.000353007
54100	1.4x1.4	0.944278	0.000239182
54600	1.4x1.4	0.944318	0.000199237
55100	1.4x1.4	0.944713	0.0001957
55600	1.4x1.4	0.944537	1.95047e-05
56100	1.4x1.4	0.944678	0.000160889
56600	1.4x1.4	0.944644	0.00012663
57100	1.4x1.4	0.94485	0.000333252
57600	1.4x1.4	0.944237	0.00028038
58100	1.4x1.4	0.944443	7.38124e-05
58600	1.4x1.4	0.944379	0.000138346
59100	1.4x1.4	0.94468	0.000163017
59600	1.4x1.4	0.944713	0.000196237
60100	1.4x1.4	0.944746	0.000228904
60600	1.4x1.4	0.944714	0.000196345
61100	1.4x1.4	0.944457	6.02301e-05
61600	1.4x1.4	0.94465	0.000132814
62100	1.4x1.4	0.945029	0.000512122
62600	1.4x1.4	0.944495	2.26172e-05
63100	1.4x1.4	0.944248	0.000269325
63600	1.4x1.4	0.944067	0.000450519
64100	1.4x1.4	0.944225	0.000292537
64600	1.4x1.4	0.944016	0.000501087
65100	1.4x1.4	0.944232	0.000284928
65600	1.4x1.4	0.94331	0.00120743
66100	1.4x1.4	0.943439	0.00107815
66600	1.4x1.4	0.943831	0.000685955
67100	1.4x1.4	0.943633	0.000883803
67600	1.4x1.4	0.943496	0.00102074
68100	1.4x1.4	0.948542	0.00402496
68600	1.4x1.4	0.949086	0.00456853
69100	1.4x1.4	0.948657	0.00413983
69600	1.4x1.4	0.948854	0.00433684
70100	1.4x1.4	0.949132	0.00461491
70600	1.4x1.4	0.949018	0.00450038
71100	1.4x1.4	0.948877	0.00435989
71600	1.4x1.4	0.948985	0.00446773
72100	1.4x1.4	0.94939	0.00487311
72600	1.4x1.4	0.949412	0.00489494
73100	1.4x1.4	0.949085	0.0045679
73600	1.4x1.4	0.949109	0.00459151
74100	1.4x1.4	0.94937	0.00485285
74600	1.4x1.4	0.94947	0.00495306
75100	1.4x1.4	0.94936	0.00484313
75600	1.4x1.4	0.949433	0.00491615
76100	1.4x1.4	0.94899	0.00447309
76600	1.4x1.4	0.949372	0.00485462
77100	1.4x1.4	0.949545	0.00502782
77600	1.4x1.4	0.949564	0.00504725
78100	1.4x1.4	0.949082	0.0045645
78600	1.4x1.4	0.949104	0.00458663
79100	1.4x1.4	0.949126	0.00460848
79600	1.4x1.4	0.949172	0.00465467
80100	1.4x1.4	0.949462	0.00494499
80600	1.4x1.4	0.949165	0.00464807
81100	1.4x1.4	0.948896	0.00437899
81600	1.4x1.4	0.949207	0.00468968
82100	1.4x1.4	0.949012	0.00449524
82600	1.4x1.4	0.949437	0.0049201
83100	1.4x1.4	0.949362	0.00484455
83600	1.4x1.4	0.949568	0.00505124
84100	1.4x1.4	0.94961	0.00509233
84600	1.4x1.4	0.949835	0.00531828
85100	1.4x1.4	0.949944	0.00542641
85600	1.4x1.4	0.949982	0.00546459
86100	1.4x1.4	0.950429	0.00591208
86600	1.4x1.4	0.950532	0.00601492
87100	1.4x1.4	0.950454	0.00593655
87600	1.4x1.4	0.950421	0.00590382
88100	1.4x1.4	0.950611	0.00609394
88600	1.4x1.4	0.950357	0.00583947
89100	1.4x1.4	0.950083	0.00556587
89600	1.4x1.4	0.949834	0.00531719
90100	1.4x1.4	0.949458	0.00494075
90600	1.4x1.4	0.949172	0.004655
91100	1.4x1.4	0.949621	0.00510389
91600	1.4x1.4	0.949445	0.00492736
92100	1.4x1.4	0.949206	0.00468889
92600	1.4x1.4	0.949394	0.00487633
93100	1.4x1.4	0.949411	0.00489334
93600	1.4x1.4	0.949344	0.0048264
94100	1.4x1.4	0.940883	0.00363387
94600	1.4x1.4	0.940862	0.00365503
95100	1.4x1.4	0.94045	0.00406755
95600	1.4x1.4	0.940041	0.00447576
96100	1.4x1.4	0.940351	0.00416589
96600	1.4x1.4	0.940151	0.00436646
97100	1.4x1.4	0.940356	0.00416126
97600	1.4x1.4	0.940639	0.00387784
98100	1.4x1.4	0.94082	0.00369721
98600	1.4x1.4	0.941297	0.00322023
99100	1.4x1.4	0.941492	0.00302496
99600	1.4x1.4	0.941312	0.00320554
